8.716130000000000752e-03 8.206796949955892342e+04
1.373030000000000084e-02 8.466753051907867484e+04
1.614970000000000294e-02 8.125991749235094176e+04
1.930629999999999846e-02 7.477079599848621001e+04
2.105179999999999899e-02 7.077981601914195926e+04
2.320490000000000053e-02 6.569692542219956522e+04
2.656549999999999884e-02 5.866045997114094644e+04
2.976159999999999917e-02 5.307344551645879255e+04
3.316240000000000160e-02 4.861579414256448217e+04
3.735379999999999950e-02 4.447944892429494939e+04
4.139759999999999968e-02 4.146042968878006650e+04
4.688280000000000225e-02 3.813355069500567333e+04
5.280830000000000940e-02 3.458767584551855543e+04
5.884260000000000185e-02 3.057213976394922065e+04
6.592209999999999737e-02 2.562585427926159173e+04
7.385339999999999960e-02 2.134389457737991688e+04
8.273880000000000123e-02 1.897068202744987866e+04
9.269339999999999524e-02 1.737172587193321669e+04
1.038459999999999939e-01 1.485700469329112821e+04
1.163389999999999980e-01 1.225955255558250792e+04
1.303369999999999806e-01 1.093399746650723137e+04
1.460180000000000089e-01 9.583209591024397014e+03
1.635849999999999804e-01 8.154824363543720210e+03
1.832670000000000132e-01 7.250575203795538982e+03
2.053159999999999985e-01 6.288094098111266248e+03
2.300180000000000002e-01 5.600887255762964742e+03
2.576920000000000321e-01 4.948742139556456095e+03
2.886960000000000082e-01 4.423574857467438960e+03
3.234299999999999953e-01 3.964424612942589647e+03
3.623419999999999974e-01 3.566007596734841627e+03
4.059360000000000190e-01 3.215981710008495156e+03
4.547760000000000136e-01 2.905346341047459646e+03
5.094910000000000272e-01 2.621154958214985527e+03
5.707889999999999908e-01 2.355400637404362897e+03
6.394619999999999749e-01 2.116661509880098947e+03
7.163970000000000615e-01 1.892080822641750501e+03
8.025889999999999969e-01 1.677037086789120622e+03
8.991500000000000048e-01 1.467714650003021688e+03
1.007329999999999837e+00 1.270566083997436635e+03
1.128519999999999968e+00 1.091802289604912630e+03
1.264299999999999979e+00 9.242397418600445462e+02
1.416409999999999947e+00 7.737936746408634008e+02
1.586819999999999897e+00 6.409018169821175661e+02
1.777740000000000098e+00 5.259889409662433764e+02
1.991619999999999946e+00 4.293672759690768999e+02
2.231240000000000112e+00 3.476425158325869234e+02
2.355269999999999975e+00 3.163988023852012361e+02
2.638640000000000096e+00 2.509419158845392133e+02
2.956100000000000172e+00 1.975953814911665916e+02
3.311760000000000037e+00 1.538664198795933657e+02
3.710199999999999942e+00 1.232695632540492454e+02
4.156579999999999941e+00 9.866812783441513091e+01
4.656670000000000087e+00 7.777506319466196771e+01
5.216930000000000511e+00 6.175638600941771728e+01
5.844590000000000174e+00 4.857778086729901190e+01
6.547769999999999868e+00 3.822766578637056512e+01
7.335549999999999571e+00 2.971685693535853190e+01
8.218110000000001136e+00 2.302293838638863122e+01
9.206849999999999312e+00 1.797505238136469430e+01
1.031450000000000067e+01 1.394025208902572999e+01
1.155550000000000033e+01 1.082268357406014125e+01
1.294580000000000020e+01 8.344772505976987276e+00
1.450329999999999941e+01 6.453912045138102904e+00
