8.716130000000000752e-03 1.001374168276574217e+00
1.373030000000000084e-02 1.000325382237098548e+00
1.614970000000000294e-02 1.000000000000000000e+00
1.930629999999999846e-02 1.001199880684860100e+00
2.105179999999999899e-02 1.002086625003307141e+00
2.320490000000000053e-02 1.000116499166510131e+00
2.656549999999999884e-02 9.994104642858980814e-01
2.976159999999999917e-02 9.974401243272821294e-01
3.316240000000000160e-02 9.997463874723353516e-01
3.735379999999999950e-02 1.000855096134980249e+00
4.139759999999999968e-02 9.998973862663494971e-01
4.688280000000000225e-02 9.974709688709498812e-01
5.280830000000000940e-02 9.956226503268862382e-01
5.884260000000000185e-02 9.977067059599965537e-01
6.592209999999999737e-02 9.971174599352166101e-01
7.385339999999999960e-02 9.937972242336799988e-01
8.273880000000000123e-02 9.987279391204129109e-01
9.269339999999999524e-02 1.001376303838324544e+00
1.038459999999999939e-01 1.001891404322766910e+00
1.163389999999999980e-01 1.003316744386617776e+00
1.303369999999999806e-01 1.003840844460846649e+00
1.460180000000000089e-01 1.009407026564590026e+00
1.635849999999999804e-01 1.014168436448496857e+00
1.832670000000000132e-01 1.014591652851685621e+00
2.053159999999999985e-01 1.021298145218903386e+00
2.300180000000000002e-01 1.027784601488608951e+00
2.576920000000000321e-01 1.031528492812331610e+00
2.886960000000000082e-01 1.040063531706944655e+00
3.234299999999999953e-01 1.045030756874006928e+00
3.623419999999999974e-01 1.050300066054261627e+00
4.059360000000000190e-01 1.055379576062178471e+00
4.547760000000000136e-01 1.060591424588680054e+00
5.094910000000000272e-01 1.064237805228321454e+00
5.707889999999999908e-01 1.065270838614838844e+00
6.394619999999999749e-01 1.069742826250137169e+00
7.163970000000000615e-01 1.073743441436775248e+00
8.025889999999999969e-01 1.075528330575047820e+00
8.991500000000000048e-01 1.072097478187957975e+00
1.007329999999999837e+00 1.066581770765324011e+00
1.128519999999999968e+00 1.063573649044065039e+00
1.264299999999999979e+00 1.055390176151505433e+00
1.416409999999999947e+00 1.046147264548088485e+00
1.586819999999999897e+00 1.035736542952069961e+00
1.777740000000000098e+00 1.025172008719974936e+00
1.991619999999999946e+00 1.017531078454113835e+00
2.231240000000000112e+00 1.009138336881701070e+00
2.355269999999999975e+00 1.013978417085527495e+00
2.638640000000000096e+00 9.944263806418287555e-01
2.956100000000000172e+00 9.735789290892972181e-01
3.311760000000000037e+00 9.471841094430325514e-01
3.710199999999999942e+00 9.520833975348815814e-01
4.156579999999999941e+00 9.596701571184615975e-01
4.656670000000000087e+00 9.556462681739026355e-01
5.216930000000000511e+00 9.612770245357372678e-01
5.844590000000000174e+00 9.601676938513979964e-01
6.547769999999999868e+00 9.614390647452575323e-01
7.335549999999999571e+00 9.526832622779315418e-01
8.218110000000001136e+00 9.422547472703219906e-01
9.206849999999999312e+00 9.403882757127957071e-01
1.031450000000000067e+01 9.332996058750213653e-01
1.155550000000000033e+01 9.281672400844153126e-01
1.294580000000000020e+01 9.175016163166777039e-01
1.450329999999999941e+01 9.103789641750552608e-01
