3.206714929282777904e-01 1.007454447582034202e-01
3.203486625751594818e-01 9.975366127004392514e-02
3.202344643712748407e-01 9.970452808099448949e-02
3.203801033653505548e-01 1.013915607676172254e-01
3.200782837411462189e-01 1.012981947549287387e-01
3.205735430834326660e-01 1.005718825193702287e-01
3.202868321786157546e-01 1.003337534990038499e-01
3.205053961927765149e-01 1.009171665431007892e-01
3.181685960412637404e-01 9.968481887934850516e-02
3.197838554253611409e-01 1.008660652835347421e-01
3.177387914813670777e-01 9.941204365445170665e-02
3.185688796382690757e-01 1.004320276741201418e-01
3.178052773437247680e-01 9.756441315134456449e-02
3.182477380253677102e-01 1.007941516815251404e-01
3.217135760684724510e-01 9.969096992397860624e-02
3.217258076915849863e-01 9.969092282344477196e-02
3.211010935434527314e-01 1.003107356452771493e-01
3.205831043046327711e-01 9.974289321209257875e-02
3.201421521974404105e-01 9.966481124365128563e-02
3.203801033653505548e-01 1.013915607676172254e-01
3.203192864641103976e-01 1.009447572494721473e-01
3.205873800988199296e-01 1.005515901337021567e-01
3.201394550360505686e-01 9.994035961069873408e-02
3.205053961927765149e-01 1.009171665431007892e-01
3.178396790801054639e-01 9.946421804894965690e-02
3.197838554253611409e-01 1.008660652835347421e-01
3.173544518260724145e-01 9.913878169931629458e-02
3.188698766792635308e-01 1.000926189823681950e-01
3.174382743803375595e-01 9.717035768280389563e-02
3.182477380253677102e-01 1.007941516815251404e-01
3.217135760684724510e-01 9.969096992397860624e-02
3.217258076915849863e-01 9.969092282344477196e-02
3.212775304948303212e-01 1.002363522311942451e-01
3.207288366815773117e-01 9.971314446941161036e-02
3.208944477312596910e-01 9.967721521972577881e-02
3.204326966783468400e-01 1.011924275494897330e-01
3.203192864641103976e-01 1.009447572494721473e-01
3.205873800988199296e-01 1.005515901337021567e-01
3.201394550360505686e-01 9.994035961069873408e-02
3.205506418984764849e-01 1.007458534527252703e-01
3.185733273518605024e-01 9.975455118392319298e-02
3.200588533303810324e-01 1.007501299146603968e-01
3.168713739942644048e-01 9.889473332749826318e-02
3.188698766792635308e-01 1.000926189823681950e-01
3.140552099391064611e-01 9.517578647700669636e-02
3.178289370984221374e-01 1.000180616853583032e-01
3.224257261622627269e-01 9.967655087494171895e-02
3.217646073454351052e-01 9.969156255870362249e-02
3.212775304948303212e-01 1.002363522311942451e-01
3.207288366815773117e-01 9.971314446941161036e-02
3.208944477312596910e-01 9.967721521972577881e-02
3.204326966783468400e-01 1.011924275494897330e-01
3.204239745850218091e-01 1.007140452720678980e-01
3.206838050290315989e-01 1.005153683457694902e-01
3.201394550360505686e-01 9.994035961069873408e-02
3.198823059295589077e-01 1.001727312751028165e-01
3.185921339102708028e-01 9.974789375441753259e-02
3.200588533303810324e-01 1.007501299146603968e-01
3.168713739942644048e-01 9.889473332749826318e-02
3.183067413115907573e-01 9.978120188241319799e-02
3.122291682996105044e-01 9.397392794083184175e-02
3.191277676895513116e-01 1.001002756219103174e-01
3.224257261622627269e-01 9.967655087494171895e-02
3.217646073454351052e-01 9.969156255870362249e-02
3.230007645445914233e-01 1.003454302401347031e-01
3.207288366815773117e-01 9.971314446941161036e-02
3.208944477312596910e-01 9.967721521972577881e-02
3.204326966783468400e-01 1.011924275494897330e-01
3.204239745850218091e-01 1.007140452720678980e-01
3.198911366716843396e-01 9.990207259026728792e-02
3.200809848346962139e-01 9.969070658080447789e-02
3.193780976614923328e-01 9.976433826763522750e-02
3.157020197668419237e-01 9.712530842509227436e-02
3.200588533303810324e-01 1.007501299146603968e-01
3.168713739942644048e-01 9.889473332749826318e-02
3.186309099204816531e-01 9.990718284117768022e-02
3.084401565567289616e-01 9.090494633341179853e-02
3.191277676895513116e-01 1.001002756219103174e-01
3.224257261622627269e-01 9.967655087494171895e-02
3.238922445783063431e-01 9.936177643428038830e-02
3.230007645445914233e-01 1.003454302401347031e-01
3.207288366815773117e-01 9.971314446941161036e-02
3.158709833673710166e-01 9.605202280606127407e-02
3.204981016723210674e-01 1.009778044258980573e-01
3.201792892995831696e-01 9.998400619791338040e-02
3.202477290923272935e-01 9.980948604236372645e-02
3.198366974065067758e-01 9.896185454712660978e-02
3.193780976614923328e-01 9.976433826763522750e-02
3.157020197668419237e-01 9.712530842509227436e-02
3.200588533303810324e-01 1.007501299146603968e-01
3.168713739942644048e-01 9.889473332749826318e-02
3.178560057285949036e-01 9.946129744575381293e-02
3.060012887875449006e-01 8.892953933167387082e-02
3.191277676895513116e-01 1.001002756219103174e-01
3.224257261622627269e-01 9.967655087494171895e-02
3.238922445783063431e-01 9.936177643428038830e-02
3.230007645445914233e-01 1.003454302401347031e-01
3.207288366815773117e-01 9.971314446941161036e-02
3.127068927549450095e-01 9.333563147340298571e-02
3.204981016723210674e-01 1.009778044258980573e-01
3.211964646955117186e-01 1.001143038653818373e-01
3.202477290923272935e-01 9.980948604236372645e-02
3.195991187356584384e-01 9.847191868340939014e-02
3.193780976614923328e-01 9.976433826763522750e-02
3.124791056066584805e-01 9.537203291604733069e-02
3.200588533303810324e-01 1.007501299146603968e-01
3.157308292942280770e-01 9.823083482940433986e-02
3.178560057285949036e-01 9.946129744575381293e-02
3.060012887875449006e-01 8.892953933167387082e-02
3.181731711016097530e-01 9.959025533455145851e-02
3.224257261622627269e-01 9.967655087494171895e-02
3.238922445783063431e-01 9.936177643428038830e-02
3.227588805042259645e-01 1.000640729458358857e-01
3.212145492999430862e-01 9.896136919780272601e-02
3.087371797203752877e-01 8.951021739693769408e-02
3.204981016723210674e-01 1.009778044258980573e-01
3.211964646955117186e-01 1.001143038653818373e-01
3.202477290923272935e-01 9.980948604236372645e-02
3.188830384950208097e-01 9.647586826653130332e-02
3.177335669634292481e-01 9.817958621458616753e-02
3.124791056066584805e-01 9.537203291604733069e-02
3.200588533303810324e-01 1.007501299146603968e-01
3.128169567659793704e-01 9.655182037242897308e-02
3.168590429799527097e-01 9.827525611857550192e-02
3.060012887875449006e-01 8.892953933167387082e-02
3.195961603714446153e-01 9.983691197343974588e-02
3.207475495120973297e-01 9.913081504227569396e-02
3.238922445783063431e-01 9.936177643428038830e-02
3.227588805042259645e-01 1.000640729458358857e-01
3.204912858669264897e-01 9.839480667446369455e-02
3.039717256871896645e-01 8.545434366661207315e-02
3.195407965681255624e-01 1.004261917200922338e-01
3.221463280534068718e-01 9.984914934101717099e-02
3.202477290923272935e-01 9.980948604236372645e-02
3.188830384950208097e-01 9.647586826653130332e-02
3.168880214730000477e-01 9.749134171515584646e-02
3.124791056066584805e-01 9.537203291604733069e-02
3.200588533303810324e-01 1.007501299146603968e-01
3.091907178523845556e-01 9.446233035481599316e-02
3.168590429799527097e-01 9.827525611857550192e-02
3.016789953463144824e-01 8.550746365477859823e-02
3.194743743083843235e-01 9.959654259753021599e-02
3.200242785479212593e-01 9.810092254137769974e-02
3.238922445783063431e-01 9.936177643428038830e-02
3.227588805042259645e-01 1.000640729458358857e-01
3.197792010149311248e-01 9.772393577761506744e-02
3.039717256871896645e-01 8.545434366661207315e-02
3.195407965681255624e-01 1.004261917200922338e-01
3.212593963380802609e-01 9.911846054691696162e-02
3.202477290923272935e-01 9.980948604236372645e-02
3.188380629458718585e-01 9.620575684729588961e-02
3.168880214730000477e-01 9.749134171515584646e-02
3.101766084118436906e-01 9.326898558554683194e-02
3.200588533303810324e-01 1.007501299146603968e-01
3.107775196034013865e-01 9.525133671249888523e-02
3.130586816161062269e-01 9.638560022700251584e-02
3.016789953463144824e-01 8.550746365477859823e-02
3.194743743083843235e-01 9.959654259753021599e-02
3.200242785479212593e-01 9.810092254137769974e-02
3.238922445783063431e-01 9.936177643428038830e-02
3.227588805042259645e-01 1.000640729458358857e-01
3.197792010149311248e-01 9.772393577761506744e-02
3.039717256871896645e-01 8.545434366661207315e-02
3.154445129229189737e-01 9.730210310856959866e-02
3.213842749471975124e-01 9.894873684699426186e-02
3.185190472554825236e-01 9.828481974237700258e-02
3.184673733589369338e-01 9.560778600850507181e-02
3.174336394879033185e-01 9.684063053750537053e-02
3.074304014204348179e-01 9.119002771416152842e-02
3.208330151612612258e-01 1.005534211095719666e-01
3.107775196034013865e-01 9.525133671249888523e-02
3.130586816161062269e-01 9.638560022700251584e-02
3.016789953463144824e-01 8.550746365477859823e-02
3.196834205530180162e-01 9.965410353642405183e-02
3.199388123142620222e-01 9.744742452558589896e-02
3.238922445783063431e-01 9.936177643428038830e-02
3.227588805042259645e-01 1.000640729458358857e-01
3.197792010149311248e-01 9.772393577761506744e-02
3.038089435874898325e-01 8.532775704765466207e-02
3.174930824275746244e-01 9.807566105715595506e-02
3.213842749471975124e-01 9.894873684699426186e-02
3.149716215492491811e-01 9.601508834364100298e-02
3.172737901182201559e-01 9.477072020588721279e-02
3.174336394879033185e-01 9.684063053750537053e-02
3.074304014204348179e-01 9.119002771416152842e-02
3.128574523957224351e-01 9.342038957556927925e-02
3.107775196034013865e-01 9.525133671249888523e-02
3.140495367262390314e-01 9.669064719685667442e-02
3.016789953463144824e-01 8.550746365477859823e-02
3.196834205530180162e-01 9.965410353642405183e-02
3.199388123142620222e-01 9.744742452558589896e-02
3.238922445783063431e-01 9.936177643428038830e-02
3.219613359317681778e-01 9.951333252924902950e-02
3.197792010149311248e-01 9.772393577761506744e-02
3.038089435874898325e-01 8.532775704765466207e-02
3.174930824275746244e-01 9.807566105715595506e-02
3.213842749471975124e-01 9.894873684699426186e-02
3.143490893373691586e-01 9.561677671570588399e-02
3.172737901182201559e-01 9.477072020588721279e-02
3.156446831827185440e-01 9.575775041938351662e-02
3.079919648545197952e-01 9.107048554687172115e-02
3.100757510317045940e-01 9.062690197167845574e-02
3.117695307209484845e-01 9.535455248059893085e-02
3.140495367262390314e-01 9.669064719685667442e-02
3.016789953463144824e-01 8.550746365477859823e-02
3.197604556380990171e-01 9.962215607336109835e-02
3.199963510280253165e-01 9.734774422820391404e-02
3.236161004058836776e-01 9.924110673162064855e-02
3.140074025779735489e-01 9.329756108569110806e-02
3.195739860372310837e-01 9.766323004034828392e-02
3.034532448745461686e-01 8.502599721129280863e-02
3.168784507169237208e-01 9.730490691170026740e-02
3.213842749471975124e-01 9.894873684699426186e-02
3.143411406134138386e-01 9.556282436218638265e-02
3.173866795080780290e-01 9.475874612099866034e-02
3.146856107832083915e-01 9.455506429872799490e-02
3.072072498901228799e-01 9.018055495393355325e-02
3.100757510317045940e-01 9.062690197167845574e-02
3.117695307209484845e-01 9.535455248059893085e-02
3.135283506215792437e-01 9.611234275937921567e-02
3.001604310873618453e-01 8.447592847869862809e-02
3.120538278801634480e-01 9.360623265609185895e-02
3.198179464972857877e-01 9.717075299046730452e-02
3.226234384056494986e-01 9.885361194804195839e-02
3.140074025779735489e-01 9.329756108569110806e-02
3.195739860372310837e-01 9.766323004034828392e-02
3.041367752281108894e-01 8.533024704592789833e-02
3.168784507169237208e-01 9.730490691170026740e-02
3.213842749471975124e-01 9.894873684699426186e-02
3.109390485374311508e-01 9.227042911742970588e-02
3.173866795080780290e-01 9.475874612099866034e-02
3.126468466400799673e-01 9.199843422629234990e-02
3.072072498901228799e-01 9.018055495393355325e-02
3.077559166727457662e-01 8.694118236183388804e-02
3.125020030803226101e-01 9.562836534976416891e-02
3.151360124425831022e-01 9.668463606471916494e-02
3.001604310873618453e-01 8.447592847869862809e-02
3.120402780765051953e-01 9.354509696415599929e-02
3.198179464972857877e-01 9.717075299046730452e-02
3.226234384056494986e-01 9.885361194804195839e-02
3.140074025779735489e-01 9.329756108569110806e-02
3.188574333892446044e-01 9.747753669642802987e-02
3.041367752281108894e-01 8.533024704592789833e-02
3.163003291851574361e-01 9.681486769123522074e-02
3.213842749471975124e-01 9.894873684699426186e-02
3.109390485374311508e-01 9.227042911742970588e-02
3.167784008487211089e-01 9.452399476226293340e-02
3.104275447711850044e-01 9.025946876347493153e-02
3.072072498901228799e-01 9.018055495393355325e-02
3.077559166727457662e-01 8.694118236183388804e-02
3.125020030803226101e-01 9.562836534976416891e-02
3.146515555212265891e-01 9.604503954300848412e-02
2.992867647181919333e-01 8.380896471146150051e-02
3.120402780765051953e-01 9.354509696415599929e-02
3.198179464972857877e-01 9.717075299046730452e-02
3.226234384056494986e-01 9.885361194804195839e-02
3.140074025779735489e-01 9.329756108569110806e-02
3.188574333892446044e-01 9.747753669642802987e-02
3.041367752281108894e-01 8.533024704592789833e-02
3.164146602978616940e-01 9.659378990577627278e-02
3.156643603116249253e-01 9.541109395396341064e-02
3.109390485374311508e-01 9.227042911742970588e-02
3.178998174977653024e-01 9.372199711860768057e-02
3.104275447711850044e-01 9.025946876347493153e-02
3.072072498901228799e-01 9.018055495393355325e-02
3.077559166727457662e-01 8.694118236183388804e-02
3.125020030803226101e-01 9.562836534976416891e-02
3.146515555212265891e-01 9.604503954300848412e-02
2.992867647181919333e-01 8.380896471146150051e-02
3.104552133179426798e-01 9.272896590634910341e-02
3.161406108580133156e-01 9.439407810123480458e-02
3.226234384056494986e-01 9.885361194804195839e-02
3.140074025779735489e-01 9.329756108569110806e-02
3.188574333892446044e-01 9.747753669642802987e-02
2.981378461206087294e-01 8.080058822523270012e-02
3.164659458538681136e-01 9.661234400140117362e-02
3.156643603116249253e-01 9.541109395396341064e-02
3.109390485374311508e-01 9.227042911742970588e-02
3.178998174977653024e-01 9.372199711860768057e-02
3.069203784233537902e-01 8.863430552735057644e-02
3.072072498901228799e-01 9.018055495393355325e-02
3.077559166727457662e-01 8.694118236183388804e-02
3.125020030803226101e-01 9.562836534976416891e-02
3.162724240715635848e-01 9.488585151137621243e-02
2.992867647181919333e-01 8.380896471146150051e-02
3.074534684048194633e-01 9.078227256055902694e-02
3.161406108580133156e-01 9.439407810123480458e-02
3.205984787142117654e-01 9.746064318309624608e-02
3.118081282689884048e-01 9.245351699143285196e-02
3.188574333892446044e-01 9.747753669642802987e-02
2.981378461206087294e-01 8.080058822523270012e-02
3.164659458538681136e-01 9.661234400140117362e-02
3.156643603116249253e-01 9.541109395396341064e-02
3.110417972594056724e-01 9.227205169833546661e-02
3.147294761039532429e-01 9.308400726954178805e-02
3.069203784233537902e-01 8.863430552735057644e-02
3.072072498901228799e-01 9.018055495393355325e-02
3.041084518700053474e-01 8.347940478980912793e-02
3.106650913522878144e-01 9.226610285731604022e-02
3.162724240715635848e-01 9.488585151137621243e-02
2.992867647181919333e-01 8.380896471146150051e-02
3.059132741814485357e-01 8.913195526733440344e-02
3.161406108580133156e-01 9.439407810123480458e-02
3.205984787142117654e-01 9.746064318309624608e-02
3.118081282689884048e-01 9.245351699143285196e-02
3.188574333892446044e-01 9.747753669642802987e-02
2.973311503641932751e-01 7.868830233287645026e-02
3.129340977562540815e-01 9.417073959146356199e-02
3.156643603116249253e-01 9.541109395396341064e-02
3.111579970887031754e-01 9.227388669560498968e-02
3.147294761039532429e-01 9.308400726954178805e-02
3.068535095693477599e-01 8.827387955565130229e-02
3.072072498901228799e-01 9.018055495393355325e-02
3.041084518700053474e-01 8.347940478980912793e-02
3.106650913522878144e-01 9.226610285731604022e-02
3.161149579222954920e-01 9.348102709881113415e-02
2.992867647181919333e-01 8.380896471146150051e-02
3.035696816166237322e-01 8.769701843724446444e-02
3.135786040445439626e-01 9.207001743859435927e-02
3.205984787142117654e-01 9.746064318309624608e-02
3.107226839433804844e-01 9.079809955064996330e-02
3.148527080577240844e-01 9.491546675897008511e-02
2.974469404243694770e-01 7.879392120996737969e-02
3.121196465484792903e-01 9.355236528769510229e-02
3.156643603116249253e-01 9.541109395396341064e-02
3.111579970887031754e-01 9.227388669560498968e-02
3.147294761039532429e-01 9.308400726954178805e-02
3.034671506288967313e-01 8.627568818031174092e-02
3.082012291642195478e-01 9.035516398390459891e-02
3.041084518700053474e-01 8.347940478980912793e-02
3.090332803124535843e-01 9.128189923488856661e-02
3.161149579222954920e-01 9.348102709881113415e-02
2.992867647181919333e-01 8.380896471146150051e-02
3.035696816166237322e-01 8.769701843724446444e-02
3.135786040445439626e-01 9.207001743859435927e-02
3.205984787142117654e-01 9.746064318309624608e-02
3.107226839433804844e-01 9.079809955064996330e-02
3.096018725736059407e-01 9.005204532242781779e-02
2.974469404243694770e-01 7.879392120996737969e-02
3.119782034544096860e-01 9.344497423224180921e-02
3.156643603116249253e-01 9.541109395396341064e-02
3.073902325739462649e-01 9.020381465738924742e-02
3.158707200128055281e-01 9.293427607240047073e-02
3.034667711419757330e-01 8.627547071679991797e-02
3.082012291642195478e-01 9.035516398390459891e-02
3.041041474473873962e-01 8.349817348180715859e-02
3.074932328493111822e-01 9.015071923402515064e-02
3.161149579222954920e-01 9.348102709881113415e-02
2.985759203952327856e-01 8.187132576713393450e-02
3.035696816166237322e-01 8.769701843724446444e-02
3.135786040445439626e-01 9.207001743859435927e-02
3.205984787142117654e-01 9.746064318309624608e-02
3.107226839433804844e-01 9.079809955064996330e-02
3.096018725736059407e-01 9.005204532242781779e-02
2.991309259378199803e-01 8.088680746851628633e-02
3.116616119673829566e-01 9.327611089015312718e-02
3.156643603116249253e-01 9.541109395396341064e-02
3.073902325739462649e-01 9.020381465738924742e-02
3.159929385665768975e-01 9.146735642816855583e-02
3.034667711419757330e-01 8.627547071679991797e-02
3.106531272024205537e-01 9.132364519843988448e-02
3.027852124443747850e-01 8.311003703675697019e-02
3.049036073386704460e-01 8.774634811381307187e-02
3.161149579222954920e-01 9.348102709881113415e-02
2.985759203952327856e-01 8.187132576713393450e-02
3.035696816166237322e-01 8.769701843724446444e-02
3.127377426781641767e-01 9.185548981949048786e-02
3.195146492590974496e-01 9.649862575697620848e-02
3.107226839433804844e-01 9.079809955064996330e-02
3.096018725736059407e-01 9.005204532242781779e-02
2.991309259378199803e-01 8.088680746851628633e-02
3.116616119673829566e-01 9.327611089015312718e-02
3.156643603116249253e-01 9.541109395396341064e-02
3.073902325739462649e-01 9.020381465738924742e-02
3.142522611306624580e-01 9.108188081122584046e-02
3.034667711419757330e-01 8.627547071679991797e-02
3.071719371028618362e-01 8.768950168095125675e-02
3.027852124443747850e-01 8.311003703675697019e-02
3.049036073386704460e-01 8.774634811381307187e-02
3.161149579222954920e-01 9.348102709881113415e-02
2.985759203952327856e-01 8.187132576713393450e-02
3.041668161851299734e-01 8.771910096751245334e-02
3.127377426781641767e-01 9.185548981949048786e-02
3.159389330102228000e-01 9.417322863154413415e-02
3.090468615385661422e-01 8.933095525915825397e-02
3.096018725736059407e-01 9.005204532242781779e-02
2.991309259378199803e-01 8.088680746851628633e-02
3.116616119673829566e-01 9.327611089015312718e-02
3.157982739466196898e-01 9.483749511048146508e-02
3.077191832729583298e-01 9.030754839064890349e-02
3.104618866818023015e-01 8.955711135328822681e-02
3.034667711419757330e-01 8.627547071679991797e-02
3.058713123187704608e-01 8.655083434849980550e-02
3.027852124443747850e-01 8.311003703675697019e-02
3.042193838642896497e-01 8.704591417062063075e-02
3.161149579222954920e-01 9.348102709881113415e-02
2.985759203952327856e-01 8.187132576713393450e-02
3.062066009929970689e-01 8.874799721293702426e-02
3.127377426781641767e-01 9.185548981949048786e-02
3.119324217067799832e-01 9.163618199187242852e-02
3.090468615385661422e-01 8.933095525915825397e-02
3.096018725736059407e-01 9.005204532242781779e-02
3.006577125999971845e-01 8.181568845408192237e-02
3.116616119673829566e-01 9.327611089015312718e-02
3.139743287976053954e-01 9.303269162435440220e-02
3.077191832729583298e-01 9.030754839064890349e-02
3.104618866818023015e-01 8.955711135328822681e-02
3.034667711419757330e-01 8.627547071679991797e-02
3.047155988126233339e-01 8.558117606011353407e-02
3.024336185353517781e-01 8.253066043889657755e-02
3.042193838642896497e-01 8.704591417062063075e-02
3.161149579222954920e-01 9.348102709881113415e-02
2.963842314460822247e-01 7.986172859644122268e-02
3.062066009929970689e-01 8.874799721293702426e-02
3.127377426781641767e-01 9.185548981949048786e-02
3.119324217067799832e-01 9.163618199187242852e-02
3.055268015554933325e-01 8.692326106755457471e-02
3.074815293595151156e-01 8.809949712939932343e-02
3.006577125999971845e-01 8.181568845408192237e-02
3.116616119673829566e-01 9.327611089015312718e-02
3.139743287976053954e-01 9.303269162435440220e-02
3.077191832729583298e-01 9.030754839064890349e-02
3.104618866818023015e-01 8.955711135328822681e-02
3.034667711419757330e-01 8.627547071679991797e-02
3.047155988126233339e-01 8.558117606011353407e-02
3.024336185353517781e-01 8.253066043889657755e-02
3.042193838642896497e-01 8.704591417062063075e-02
3.145659874785582399e-01 9.240585410789017851e-02
2.977740402819915588e-01 8.111908453102310845e-02
3.062066009929970689e-01 8.874799721293702426e-02
3.115651705312028064e-01 9.129758440984238332e-02
3.092762057722324709e-01 8.940758313672522717e-02
3.055268015554933325e-01 8.692326106755457471e-02
3.074815293595151156e-01 8.809949712939932343e-02
3.006577125999971845e-01 8.181568845408192237e-02
3.116616119673829566e-01 9.327611089015312718e-02
3.139743287976053954e-01 9.303269162435440220e-02
3.077191832729583298e-01 9.030754839064890349e-02
3.104618866818023015e-01 8.955711135328822681e-02
2.998868186041738770e-01 8.321721002708261372e-02
3.042406138540722504e-01 8.525209062708306862e-02
3.024009215853155630e-01 8.249458928364603039e-02
3.043669491077728440e-01 8.661032786544804740e-02
3.145659874785582399e-01 9.240585410789017851e-02
2.977740402819915588e-01 8.111908453102310845e-02
3.062066009929970689e-01 8.874799721293702426e-02
3.111270015120176091e-01 9.091668236308177165e-02
3.042631879680904872e-01 8.579518587855289313e-02
3.055268015554933325e-01 8.692326106755457471e-02
3.051024048576891357e-01 8.657006839349895566e-02
3.006577125999971845e-01 8.181568845408192237e-02
3.116616119673829566e-01 9.327611089015312718e-02
3.139743287976053954e-01 9.303269162435440220e-02
3.077191832729583298e-01 9.030754839064890349e-02
3.104618866818023015e-01 8.955711135328822681e-02
3.002552584431594784e-01 8.345406290164322782e-02
3.042406138540722504e-01 8.525209062708306862e-02
3.024009215853155630e-01 8.249458928364603039e-02
3.043389606521476054e-01 8.630942244466464908e-02
3.145659874785582399e-01 9.240585410789017851e-02
2.980067499464543745e-01 8.128922235361799031e-02
3.052940237357574804e-01 8.712525778574570223e-02
3.087982679327215818e-01 8.917907676475933521e-02
3.040875820314657973e-01 8.566415592248985411e-02
3.049910499690860477e-01 8.645455732385169678e-02
3.051024048576891357e-01 8.657006839349895566e-02
3.006577125999971845e-01 8.181568845408192237e-02
3.116616119673829566e-01 9.327611089015312718e-02
3.139743287976053954e-01 9.303269162435440220e-02
3.077191832729583298e-01 9.030754839064890349e-02
3.062064193037319915e-01 8.619697389218823613e-02
3.002552584431594784e-01 8.345406290164322782e-02
3.042406138540722504e-01 8.525209062708306862e-02
3.024009215853155630e-01 8.249458928364603039e-02
3.036407516042319288e-01 8.571299732204432087e-02
3.145659874785582399e-01 9.240585410789017851e-02
2.980067499464543745e-01 8.128922235361799031e-02
3.051378371112457577e-01 8.692030993791509397e-02
3.087982679327215818e-01 8.917907676475933521e-02
3.040875820314657973e-01 8.566415592248985411e-02
3.038288528355815310e-01 8.521041692028939740e-02
3.045860365309114859e-01 8.619392743840159632e-02
3.006577125999971845e-01 8.181568845408192237e-02
3.116616119673829566e-01 9.327611089015312718e-02
3.139743287976053954e-01 9.303269162435440220e-02
3.071704300888252748e-01 8.951003705453902670e-02
3.010052650653180506e-01 8.157503572737893893e-02
2.999822064899744234e-01 8.321893697977482407e-02
3.042406138540722504e-01 8.525209062708306862e-02
3.024009215853155630e-01 8.249458928364603039e-02
3.036407516042319288e-01 8.571299732204432087e-02
3.124708310524689781e-01 9.176376203465953785e-02
2.980067499464543745e-01 8.128922235361799031e-02
3.051378371112457577e-01 8.692030993791509397e-02
3.067679415278990462e-01 8.742969791566093662e-02
3.040875820314657973e-01 8.566415592248985411e-02
3.038288528355815310e-01 8.521041692028939740e-02
3.045860365309114859e-01 8.619392743840159632e-02
3.006577125999971845e-01 8.181568845408192237e-02
3.116616119673829566e-01 9.327611089015312718e-02
3.130221600082616629e-01 9.229237674303597538e-02
3.055131345158529910e-01 8.772720692807545184e-02
3.010052650653180506e-01 8.157503572737893893e-02
3.009144189494821764e-01 8.379740398246553201e-02
3.042406138540722504e-01 8.525209062708306862e-02
3.024009215853155630e-01 8.249458928364603039e-02
3.036407516042319288e-01 8.571299732204432087e-02
3.101578941762305752e-01 9.023606420037143250e-02
3.022003920127430132e-01 8.422842946769805439e-02
3.051378371112457577e-01 8.692030993791509397e-02
3.067679415278990462e-01 8.742969791566093662e-02
3.040875820314657973e-01 8.566415592248985411e-02
3.035588808692082363e-01 8.485974868725533471e-02
3.045860365309114859e-01 8.619392743840159632e-02
3.006577125999971845e-01 8.181568845408192237e-02
3.116616119673829566e-01 9.327611089015312718e-02
3.109396705520338089e-01 9.043509582563810656e-02
3.049445384685414706e-01 8.711554164671768408e-02
3.010052650653180506e-01 8.157503572737893893e-02
3.014438942429182866e-01 8.390768363944053898e-02
3.030388609297838265e-01 8.423988493626141660e-02
3.024005719204693188e-01 8.249761259314401796e-02
3.031827962835263457e-01 8.524098619936104626e-02
3.101578941762305752e-01 9.023606420037143250e-02
3.022003920127430132e-01 8.422842946769805439e-02
3.045395777393742898e-01 8.615632348013591013e-02
3.037023004975324403e-01 8.504615027057904619e-02
3.006153320342899726e-01 8.304900070042216254e-02
3.035588808692082363e-01 8.485974868725533471e-02
3.039044526883223352e-01 8.563238038087862825e-02
3.007798571917922326e-01 8.173111293815121803e-02
3.116616119673829566e-01 9.327611089015312718e-02
3.109396705520338089e-01 9.043509582563810656e-02
3.049445384685414706e-01 8.711554164671768408e-02
3.010052650653180506e-01 8.157503572737893893e-02
3.014438942429182866e-01 8.390768363944053898e-02
3.021024124643901798e-01 8.319989741957782570e-02
3.024005719204693188e-01 8.249761259314401796e-02
3.027392509116800801e-01 8.449426194959196168e-02
3.101578941762305752e-01 9.023606420037143250e-02
3.022003920127430132e-01 8.422842946769805439e-02
3.044887141133295616e-01 8.609039244104874089e-02
3.037023004975324403e-01 8.504615027057904619e-02
3.006153320342899726e-01 8.304900070042216254e-02
3.035588808692082363e-01 8.485974868725533471e-02
3.039044526883223352e-01 8.563238038087862825e-02
3.007798571917922326e-01 8.173111293815121803e-02
3.116616119673829566e-01 9.327611089015312718e-02
3.107627043846196147e-01 9.030849314361448499e-02
3.049445384685414706e-01 8.711554164671768408e-02
3.010052650653180506e-01 8.157503572737893893e-02
3.014438942429182866e-01 8.390768363944053898e-02
3.020209874863458155e-01 8.234514557754542274e-02
3.024005719204693188e-01 8.249761259314401796e-02
3.027392509116800801e-01 8.449426194959196168e-02
3.101578941762305752e-01 9.023606420037143250e-02
3.022003920127430132e-01 8.422842946769805439e-02
3.044887141133295616e-01 8.609039244104874089e-02
3.030007843984303673e-01 8.448217298887414350e-02
3.006153320342899726e-01 8.304900070042216254e-02
3.032369649505617937e-01 8.443368969545914093e-02
3.039044526883223352e-01 8.563238038087862825e-02
3.007798571917922326e-01 8.173111293815121803e-02
3.097145490795410461e-01 9.147343824190352912e-02
3.107627043846196147e-01 9.030849314361448499e-02
3.049445384685414706e-01 8.711554164671768408e-02
3.010052650653180506e-01 8.157503572737893893e-02
3.014438942429182866e-01 8.390768363944053898e-02
3.020209874863458155e-01 8.234514557754542274e-02
3.024005719204693188e-01 8.249761259314401796e-02
3.024999641819109963e-01 8.377829199981909336e-02
3.101578941762305752e-01 9.023606420037143250e-02
3.022003920127430132e-01 8.422842946769805439e-02
3.039462608685098433e-01 8.537245005548350918e-02
3.023341931762186241e-01 8.363372211391321975e-02
3.006153320342899726e-01 8.304900070042216254e-02
3.030606378417310398e-01 8.415675684548318269e-02
3.037028124290193642e-01 8.528045517544435850e-02
3.013100860823824112e-01 8.198187900728931554e-02
3.097145490795410461e-01 9.147343824190352912e-02
3.107627043846196147e-01 9.030849314361448499e-02
3.049445384685414706e-01 8.711554164671768408e-02
3.010052650653180506e-01 8.157503572737893893e-02
3.017882153668392520e-01 8.405367159668750143e-02
3.020209874863458155e-01 8.234514557754542274e-02
3.024005719204693188e-01 8.249761259314401796e-02
3.024999641819109963e-01 8.377829199981909336e-02
3.101578941762305752e-01 9.023606420037143250e-02
3.022003920127430132e-01 8.422842946769805439e-02
3.039864066980313972e-01 8.512285491682899941e-02
2.984088436103161657e-01 7.946405513539367416e-02
3.006153320342899726e-01 8.304900070042216254e-02
3.030606378417310398e-01 8.415675684548318269e-02
3.037028124290193642e-01 8.528045517544435850e-02
3.013100860823824112e-01 8.198187900728931554e-02
3.097145490795410461e-01 9.147343824190352912e-02
3.107618811719952689e-01 9.030785480906189377e-02
3.021949779133220049e-01 8.460353453415125902e-02
3.010052650653180506e-01 8.157503572737893893e-02
3.011212998726849333e-01 8.356104415993144408e-02
3.020209874863458155e-01 8.234514557754542274e-02
3.024005719204693188e-01 8.249761259314401796e-02
3.024999641819109963e-01 8.377829199981909336e-02
3.101578941762305752e-01 9.023606420037143250e-02
3.022003920127430132e-01 8.422842946769805439e-02
3.034533830891457118e-01 8.464070793124020553e-02
2.984088436103161657e-01 7.946405513539367416e-02
3.005600982987618464e-01 8.300740093311909096e-02
3.030606378417310398e-01 8.415675684548318269e-02
3.037028124290193642e-01 8.528045517544435850e-02
3.013100860823824112e-01 8.198187900728931554e-02
3.064487609221299147e-01 8.759863075261134502e-02
3.107618811719952689e-01 9.030785480906189377e-02
3.021949779133220049e-01 8.460353453415125902e-02
3.010052650653180506e-01 8.157503572737893893e-02
3.011212998726849333e-01 8.356104415993144408e-02
3.020209874863458155e-01 8.234514557754542274e-02
3.024005719204693188e-01 8.249761259314401796e-02
3.020871174297421469e-01 8.333794564883878486e-02
3.101578941762305752e-01 9.023606420037143250e-02
3.014369681060735107e-01 8.369386433065409414e-02
3.034533830891457118e-01 8.464070793124020553e-02
3.034833874350965632e-01 8.391861429919575399e-02
2.999150867053082536e-01 8.250244929012763573e-02
3.030606378417310398e-01 8.415675684548318269e-02
3.036783004550613341e-01 8.512832388220931135e-02
3.013100860823824112e-01 8.198187900728931554e-02
3.064487609221299147e-01 8.759863075261134502e-02
3.061633386804826218e-01 8.704619263179506905e-02
3.025587183349506271e-01 8.461427945747983237e-02
3.010784696235520586e-01 8.167274153147062454e-02
3.012394812907099872e-01 8.361077002543849945e-02
3.020209874863458155e-01 8.234514557754542274e-02
3.024005719204693188e-01 8.249761259314401796e-02
3.020871174297421469e-01 8.333794564883878486e-02
3.101578941762305752e-01 9.023606420037143250e-02
3.014369681060735107e-01 8.369386433065409414e-02
3.034533830891457118e-01 8.464070793124020553e-02
3.034833874350965632e-01 8.391861429919575399e-02
2.999150867053082536e-01 8.250244929012763573e-02
3.030606378417310398e-01 8.415675684548318269e-02
3.026202463790206298e-01 8.431175340572646948e-02
3.013100860823824112e-01 8.198187900728931554e-02
3.062211819772625021e-01 8.739570786749988052e-02
3.061633386804826218e-01 8.704619263179506905e-02
3.013062096254441879e-01 8.361372943835146399e-02
3.012911656992359188e-01 8.189750876718938921e-02
3.012394812907099872e-01 8.361077002543849945e-02
3.020209874863458155e-01 8.234514557754542274e-02
3.024005719204693188e-01 8.249761259314401796e-02
3.020871174297421469e-01 8.333794564883878486e-02
3.073674794024158219e-01 8.803643338122850437e-02
3.014369681060735107e-01 8.369386433065409414e-02
3.034533830891457118e-01 8.464070793124020553e-02
3.035831330905602310e-01 8.392956896161986313e-02
2.999150867053082536e-01 8.250244929012763573e-02
3.042696591018357322e-01 8.450143709620243360e-02
3.026202463790206298e-01 8.431175340572646948e-02
3.013100860823824112e-01 8.198187900728931554e-02
3.062211819772625021e-01 8.739570786749988052e-02
3.055425947148015520e-01 8.656712335990415785e-02
3.014353789186577925e-01 8.368234491829644461e-02
3.012911656992359188e-01 8.189750876718938921e-02
3.012394812907099872e-01 8.361077002543849945e-02
3.022756156171502173e-01 8.226978035975086867e-02
3.024005719204693188e-01 8.249761259314401796e-02
3.011967778276956609e-01 8.258909639411983472e-02
3.072559872235997580e-01 8.793484874999005219e-02
3.014369681060735107e-01 8.369386433065409414e-02
3.032067307609629947e-01 8.424542202145338110e-02
3.041199763320802107e-01 8.399136400247496359e-02
2.997502288086466016e-01 8.237450341904301032e-02
3.042696591018357322e-01 8.450143709620243360e-02
3.033540490705858850e-01 8.415499011245802796e-02
3.013100860823824112e-01 8.198187900728931554e-02
3.062211819772625021e-01 8.739570786749988052e-02
3.034289479833645609e-01 8.503722735924884590e-02
3.014353789186577925e-01 8.368234491829644461e-02
3.012911656992359188e-01 8.189750876718938921e-02
3.012394812907099872e-01 8.361077002543849945e-02
3.022756156171502173e-01 8.226978035975086867e-02
3.023808328641877652e-01 8.246162246572953658e-02
3.011967778276956609e-01 8.258909639411983472e-02
3.071887455463643279e-01 8.788652197874105565e-02
3.027511362135736350e-01 8.406852092911717977e-02
3.043638329053167668e-01 8.461871335872987732e-02
3.041199763320802107e-01 8.399136400247496359e-02
2.997502288086466016e-01 8.237450341904301032e-02
3.042696591018357322e-01 8.450143709620243360e-02
3.033540490705858850e-01 8.415499011245802796e-02
3.013100860823824112e-01 8.198187900728931554e-02
3.062211819772625021e-01 8.739570786749988052e-02
3.010290113883089536e-01 8.301010366802286100e-02
3.016417065786694551e-01 8.370609491679481540e-02
3.013490989708405010e-01 8.165163730946685405e-02
3.013353610329372878e-01 8.364580149748365723e-02
3.022756156171502173e-01 8.226978035975086867e-02
3.023808328641877652e-01 8.246162246572953658e-02
3.011967778276956609e-01 8.258909639411983472e-02
3.071887455463643279e-01 8.788652197874105565e-02
3.027511362135736350e-01 8.406852092911717977e-02
3.043638329053167668e-01 8.461871335872987732e-02
3.041199763320802107e-01 8.399136400247496359e-02
2.997502288086466016e-01 8.237450341904301032e-02
3.042696591018357322e-01 8.450143709620243360e-02
3.033540490705858850e-01 8.415499011245802796e-02
3.013100860823824112e-01 8.198187900728931554e-02
3.062211819772625021e-01 8.739570786749988052e-02
3.010789758592375964e-01 8.282732413556195827e-02
3.026491353809979690e-01 8.401099031052004784e-02
3.013490989708405010e-01 8.165163730946685405e-02
3.013353610329372878e-01 8.364580149748365723e-02
3.022756156171502173e-01 8.226978035975086867e-02
3.023808328641877652e-01 8.246162246572953658e-02
3.011967778276956609e-01 8.258909639411983472e-02
3.071887455463643279e-01 8.788652197874105565e-02
3.027511362135736350e-01 8.406852092911717977e-02
3.047765064274213787e-01 8.475950229252385282e-02
3.041041666327927717e-01 8.393748938324113729e-02
2.999629231832378062e-01 8.247958621346630770e-02
3.042696591018357322e-01 8.450143709620243360e-02
3.012078828826459942e-01 8.217200976101909915e-02
3.013100860823824112e-01 8.198187900728931554e-02
3.042445999767540710e-01 8.587866548730890837e-02
3.010789758592375964e-01 8.282732413556195827e-02
3.026491353809979690e-01 8.401099031052004784e-02
3.013490989708405010e-01 8.165163730946685405e-02
3.013353610329372878e-01 8.364580149748365723e-02
3.022756156171502173e-01 8.226978035975086867e-02
3.023808328641877652e-01 8.246162246572953658e-02
3.011967778276956609e-01 8.258909639411983472e-02
3.058777719694734110e-01 8.648681928258128426e-02
3.030409250356587147e-01 8.416738615089999764e-02
3.047765064274213787e-01 8.475950229252385282e-02
3.038399187681996572e-01 8.369648514302575892e-02
2.999629231832378062e-01 8.247958621346630770e-02
3.042696591018357322e-01 8.450143709620243360e-02
3.012078828826459942e-01 8.217200976101909915e-02
3.013100860823824112e-01 8.198187900728931554e-02
3.042445999767540710e-01 8.587866548730890837e-02
3.010789758592375964e-01 8.282732413556195827e-02
3.007560984467127496e-01 8.255934483768641308e-02
3.013490989708405010e-01 8.165163730946685405e-02
3.013353610329372878e-01 8.364580149748365723e-02
3.022756156171502173e-01 8.226978035975086867e-02
3.023469306731417783e-01 8.239980876207661509e-02
3.011967778276956609e-01 8.258909639411983472e-02
3.058777719694734110e-01 8.648681928258128426e-02
3.030409250356587147e-01 8.416738615089999764e-02
3.037398948584338898e-01 8.381953561593212532e-02
3.036403874470400832e-01 8.332274054863694768e-02
2.999629231832378062e-01 8.247958621346630770e-02
3.044488921470018816e-01 8.455370110289500696e-02
3.012078828826459942e-01 8.217200976101909915e-02
3.013163285467199692e-01 8.191865577154974765e-02
3.027916363619421736e-01 8.381957833330462571e-02
3.010789758592375964e-01 8.282732413556195827e-02
3.018920106440574624e-01 8.278578270212312573e-02
3.013327710289042116e-01 8.175212747902457777e-02
3.013353610329372878e-01 8.364580149748365723e-02
3.022756156171502173e-01 8.226978035975086867e-02
3.023469306731417783e-01 8.239980876207661509e-02
3.011967778276956609e-01 8.258909639411983472e-02
3.058777719694734110e-01 8.648681928258128426e-02
3.030409250356587147e-01 8.416738615089999764e-02
3.037398948584338898e-01 8.381953561593212532e-02
3.031393252086326817e-01 8.303442801726582112e-02
2.999629231832378062e-01 8.247958621346630770e-02
3.044488921470018816e-01 8.455370110289500696e-02
3.012078828826459942e-01 8.217200976101909915e-02
3.013113580624430798e-01 8.191116892977644282e-02
3.027916363619421736e-01 8.381957833330462571e-02
3.013500107503975234e-01 8.285456824251541397e-02
3.021655625828309488e-01 8.275106605705732921e-02
3.013327710289042116e-01 8.175212747902457777e-02
3.013353610329372878e-01 8.364580149748365723e-02
3.022756156171502173e-01 8.226978035975086867e-02
3.023469306731417783e-01 8.239980876207661509e-02
3.011967778276956609e-01 8.258909639411983472e-02
3.058777719694734110e-01 8.648681928258128426e-02
3.030409250356587147e-01 8.416738615089999764e-02
3.037406243251044025e-01 8.382044572181500397e-02
3.031393252086326817e-01 8.303442801726582112e-02
2.999629231832378062e-01 8.247958621346630770e-02
3.044488921470018816e-01 8.455370110289500696e-02
3.012078828826459942e-01 8.217200976101909915e-02
3.013077846977635366e-01 8.165293111079763300e-02
3.025979599232621053e-01 8.354936076403972345e-02
3.012907042705426086e-01 8.256975329754319415e-02
3.021655625828309488e-01 8.275106605705732921e-02
3.013327710289042116e-01 8.175212747902457777e-02
3.013353610329372878e-01 8.364580149748365723e-02
3.022756156171502173e-01 8.226978035975086867e-02
3.023469306731417783e-01 8.239980876207661509e-02
3.011967778276956609e-01 8.258909639411983472e-02
3.044283574762321476e-01 8.527993547241938255e-02
3.030409250356587147e-01 8.416738615089999764e-02
3.037406243251044025e-01 8.382044572181500397e-02
3.031393252086326817e-01 8.303442801726582112e-02
3.009535340530658520e-01 8.283119422955892430e-02
