# z=0.5,  beta=0.1, pk_nonlin=halofit, [k]=Mpc^-1
1.333630776873518872e-02 3.572267576340294909e+04
1.630654304833590099e-02 3.405793812766305200e+04
1.993830307445357275e-02 3.080098976740237777e+04
2.437892129008506492e-02 2.653876828505086451e+04
2.980854494230578827e-02 2.230939792223623226e+04
3.644744330582165570e-02 1.891726836410989563e+04
4.456494357917244187e-02 1.639586573652804509e+04
5.449035696552134711e-02 1.376122251450684780e+04
6.662633818788463169e-02 1.018339310560343802e+04
8.146522040835932343e-02 7.602121340352016887e+03
9.960898822726180213e-02 6.071400394435855560e+03
1.217936990279187282e-01 4.291671285749688650e+03
1.489193433935858679e-01 3.281816007839996473e+03
1.820863559755512007e-01 2.467591537982836144e+03
2.226402579873528742e-01 1.856981999006683736e+03
2.722262423843038737e-01 1.424333304336203128e+03
3.328559161429260893e-01 1.114256525359992793e+03
4.069889072448028000e-01 8.892009390611276558e+02
4.976326470015152159e-01 7.196082268492623371e+02
6.084643756955785410e-01 5.870645407736453762e+02
7.439803210690130175e-01 4.789470888752395012e+02
9.096781015407829907e-01 3.872582653260840857e+02
1.112279753896987078e+00 3.075523452724444269e+02
1.360004433253554357e+00 2.383306052275452203e+02
1.662901848198724775e+00 1.798496102303840871e+02
2.033259957930733997e+00 1.322423082650116442e+02
2.486103470870904442e+00 9.479106734945141000e+01
3.039803367871621642e+00 6.627875827524910335e+01
3.716822177190660881e+00 4.527633153578926084e+01
4.544625235588512169e+00 3.028553099317807096e+01
